0 0
1 2
2 1
3 4
4 3
5 5
6 6
7 11
8 61
9 13
10 62
11 25
12 17
13 8
14 23
15 20
16 63
17 64
18 12
19 24
20 16
21 22
22 7
23 21
24 65
25 66
26 67
27 47
28 26
29 29
30 28
31 34
32 68
33 9
34 69
35 14
36 70
37 18
38 71
39 33
40 72
41 36
42 73
43 39
44 74
45 27
46 75
47 38
48 76
49 77
50 78
51 45
52 79
53 46
54 80
55 44
56 81
57 82
58 83
59 58
60 84
61 50
62 85
63 49
64 86
65 87
66 10
67 15
68 88
69 89
70 19
71 32
72 90
73 91
74 92
75 43
76 93
77 94
78 48
79 42
80 95
81 96
82 35
83 41
84 97
85 98
86 30
87 37
88 99
89 100
90 101
91 57
92 102
93 103
94 51
95 52
96 104
97 105
98 106
99 31
100 107
101 108
102 109
103 40
104 110
105 111
106 112
107 56
108 113
109 114
110 115
111 54
112 116
113 117
114 118
115 53
116 119
117 120
118 121
119 55
120 122
121 123
122 124
123 60
124 125
125 126
126 127
127 59
